3 3 6 6 2 7 7 7 5 7 3 5
3 3 3 7 3 4 3 6 5 6 4 4
3 3 9 6 3 3 6 7 5 6 3 5
3 4 9 7 3 4 6 7 3 5 5 6
4 7 6 7 3 4 6 7 3 6 2 5
3 3 6 9 4 4 3 6 5 6 2 8
4 4 3 3 4 7 6 6 3 5 3 6
2 7 3 6 3 3 6 6 5 5 4 4
3 4 6 7 4 7 9 7 6 7 2 4
2 4 6 6 4 7 3 6 9 3 3 4
3 3 9 7 4 4 3 6 5 7 2 5
4 4 9 6 3 3 9 6 5 5 5 5
2 4 3 7 4 4 3 6 9 5 2 2
3 3 6 9 3 4 9 7 6 6 2 3
3 7 3 7 3 3 3 9 9 5 2 2
4 4 3 3 4 4 6 9 3 5 3 5
4 4 9 7 4 4 6 7 5 5 3 4
3 4 9 9 7 7 7 7 5 7 3 6
2 4 9 6 3 3 6 6 3 5 3 5
4 4 7 9 3 4 9 7 9 5 5 8
4 4 6 7 4 4 6 7 5 5 4 4
3 7 3 7 2 4 7 9 5 6 3 6
2 2 3 3 3 4 7 7 7 7 6 6
4 4 3 6 2 3 6 7 5 7 2 5
2 3 7 7 4 4 9 7 5 6 5 6
3 3 9 6 2 4 3 6 5 5 4 8
2 3 7 7 3 3 6 7 3 9 3 6
4 4 6 7 3 4 9 7 6 7 3 5
2 3 7 7 3 3 6 6 5 7 5 5
7 7 7 7 3 3 6 6 5 6 5 6
3 3 6 7 3 3 6 6 6 6 3 3
4 7 6 6 3 4 7 7 9 7 5 8
4 7 6 7 4 4 3 6 3 5 3 6
3 4 9 7 3 4 9 9 3 6 2 2
3 4 9 7 4 4 3 6 5 5 4 5
2 4 3 7 3 4 6 6 9 9 3 6
3 4 9 7 3 4 7 7 5 5 2 4
2 3 3 6 4 4 9 6 6 7 5 5
3 4 7 7 3 4 6 6 3 6 3 6
2 4 9 6 4 4 3 9 5 7 3 5
3 3 9 6 3 4 7 9 9 6 4 6
3 4 6 7 4 4 6 7 5 7 5 6
2 3 6 7 2 3 3 9 6 6 3 5
3 4 6 6 4 4 7 7 5 6 3 5
4 4 6 7 4 4 6 7 3 6 5 6
4 4 3 6 3 4 7 7 9 5 2 3
3 4 7 7 2 4 3 7 5 6 4 6
4 4 9 9 2 7 3 7 5 6 3 6
3 3 3 9 3 7 7 7 3 5 3 3
4 7 6 6 3 3 9 6 7 7 6 6
3 4 7 7 2 4 7 9 3 6 2 4
3 4 7 7 3 3 6 9 9 5 4 6
2 3 6 7 4 4 3 6 5 6 4 4
4 7 3 6 2 4 9 7 5 6 4 4
3 4 9 7 3 7 3 7 6 7 2 3
3 4 6 6 4 4 3 6 7 7 3 5
2 3 7 7 3 3 6 6 3 6 3 6
3 4 6 6 2 4 9 9 6 6 3 3
4 7 3 6 3 4 3 6 5 5 3 5
4 4 9 9 4 4 3 6 5 6 3 5
2 4 9 6 3 4 3 6 5 6 3 3
3 3 9 6 4 4 3 7 6 6 3 3
3 4 3 7 4 4 6 7 5 5 6 6
2 3 9 9 4 7 6 7 3 5 2 6
4 7 9 7 4 4 3 3 7 7 5 5
2 4 6 6 2 4 9 7 5 7 5 5
3 4 9 7 3 4 3 7 5 7 6 6
4 4 9 7 3 4 3 6 5 6 3 6
3 3 6 9 2 4 6 7 5 6 3 5
3 3 9 6 3 3 3 9 6 7 4 6
2 2 7 7 3 4 3 7 6 6 5 5
2 4 3 7 3 4 6 7 3 5 5 6
3 7 3 7 3 3 9 6 9 6 8 8
3 3 9 6 3 4 6 7 3 5 3 3
3 7 3 7 3 4 7 7 6 7 2 5
4 4 3 7 3 4 3 6 3 5 5 6
3 4 6 7 4 4 3 6 6 7 5 5
2 7 7 7 3 4 6 6 5 5 2 4
3 4 7 7 3 7 7 7 9 6 4 6
2 7 6 7 4 4 3 3 6 6 4 4
3 3 6 7 4 4 3 7 9 5 2 2
2 4 9 7 3 4 3 6 6 6 6 6
3 4 9 7 4 4 9 7 5 5 3 3
3 4 3 7 4 4 7 7 3 6 3 5
3 3 9 6 2 4 3 9 6 6 3 3
3 4 7 7 2 7 6 7 6 6 5 5
2 4 3 6 3 4 9 7 5 6 4 5
2 4 3 9 3 3 9 6 3 6 2 4
2 7 3 7 3 4 9 9 9 9 2 5
3 3 9 6 2 3 7 7 6 6 3 5
3 4 3 3 2 3 7 7 9 9 2 5
3 3 6 7 4 4 9 9 6 6 5 6
3 3 3 9 2 2 3 3 3 6 2 2
3 4 9 7 3 4 7 7 6 6 5 5
2 2 7 7 4 4 6 7 3 5 3 4
3 4 9 9 3 3 9 6 5 6 5 6
3 4 7 7 3 3 3 7 9 7 5 5
3 4 7 7 3 4 9 6 6 6 8 4
3 4 7 7 2 7 6 7 6 7 4 5
3 3 3 9 2 4 3 7 3 5 3 5
